115 534 47
115 552 92
115 687 62
115 732 68
115 826 13
214 22 76
214 193 67
214 247 81
214 355 43
214 577 45
349 48 12
349 226 10
349 315 95
349 444 98
349 473 63
424 5 18
424 13 88
424 17 63
424 870 33
424 973 19
510 512 17
510 531 0
510 566 76
510 792 77
510 971 90
641 261 63
641 449 59
641 596 70
641 742 0
641 896 79
723 136 7
723 255 17
723 400 32
723 611 11
723 894 21
817 83 8
817 463 74
817 591 33
817 655 7
817 865 3
917 107 25
917 238 47
917 496 71
917 838 69
917 881 4
1019 59 99
1019 691 0
1019 784 46
1019 860 87
1019 918 10
